0.1058 0.0297
0.1790 0.0840
0.2987 0.1499
0.0974 0.2463
0.0136 0.0451
0.0980 0.2183
0.3429 0.1169
0.3109 0.4560
0.2610 0.4675
0.0047 0.0524
0.3486 0.3424
0.1272 0.3999
0.3117 0.3450
0.1290 0.5573
0.0534 0.3794
0.1839 0.3830
0.2311 0.2921
0.0143 0.4337
0.0359 0.4102
0.1705 0.3631
0.0474 0.3227
0.2474 0.3445
0.1945 0.1130
0.1665 0.2313
0.2239 0.0341
0.0776 0.0438
0.1500 0.2954
0.3025 0.4483
0.2742 0.3217
0.1722 0.3143
0.2332 0.0369
0.1807 0.1622
0.3528 0.3550
0.1302 0.3359
0.3065 0.5113
0.2584 0.1491
0.1908 0.4043
0.2444 0.0156
0.1994 0.0953
0.2350 0.2612
0.3499 0.0722
0.3726 0.0606
0.1675 0.2475
0.0207 0.4393
0.1451 0.3565
0.1551 0.5273
0.1972 0.5068
0.1570 0.4701
0.2839 0.2565
0.1725 0.1157
0.3604 0.3446
0.1837 0.3238
0.0094 0.2323
0.0935 0.0732
0.3165 0.4520
0.0933 0.0093
0.2128 0.5681
0.0077 0.1600
0.1718 0.4025
0.3004 0.0738
0.2577 0.0672
0.0574 0.3734
0.3671 0.5683
0.0052 0.2171
0.1689 0.2428
0.1471 0.4850
0.0675 0.2201
0.0088 0.1441
0.2783 0.4977
0.0638 0.4438
0.3197 0.3460
0.1140 0.1210
0.2697 0.1166
0.1023 0.3351
0.0368 0.2701
0.1105 0.3064
0.1385 0.4886
0.3630 0.3612
0.1513 0.0071
0.1604 0.3815
0.2309 0.0561
0.1418 0.4236
0.3222 0.0301
0.2962 0.3844
0.1878 0.1750
0.0078 0.0186
0.1637 0.0345
0.0826 0.5700
0.2320 0.2517
0.3447 0.1973
0.1188 0.2629
0.2413 0.2498
0.0371 0.0891
0.0327 0.4179
0.1463 0.1723
0.0581 0.2218
0.0360 0.2836
0.0034 0.5492
0.1795 0.0903
0.3036 0.2342
