2.1121 2.4249
2.7718 2.7825
3.9128 3.2141
2.0099 3.7917
1.2252 2.5359
1.9705 3.6415
4.2961 3.0202
3.9967 5.0793
3.5714 5.1293
1.1292 2.6314
4.3066 4.3691
2.2340 4.7155
4.0049 4.3320
2.3327 5.6818
1.5923 4.6331
2.7807 4.6282
3.2036 4.0947
1.2720 4.9323
1.4424 4.7968
2.6923 4.5538
1.6050 4.2596
3.4281 4.4109
2.9139 3.0489
2.6047 3.7319
3.1975 2.5163
1.8592 2.5555
2.5313 4.0663
3.9205 5.0146
3.5955 4.2914
2.7248 4.1637
3.2718 2.5736
2.7931 3.2944
4.4108 4.4618
2.3199 4.3693
3.9693 5.4154
3.4450 3.2571
2.8859 4.7475
3.3322 2.3329
2.9628 2.8491
3.3071 3.8815
4.3177 2.7667
4.5752 2.6808
2.6506 3.8491
1.2771 5.0035
2.4383 4.4321
2.5262 5.5163
2.9441 5.3878
2.6224 5.1686
3.7452 3.8375
2.6952 3.0046
4.4660 4.3892
2.7608 4.3309
1.1763 3.7173
1.9644 2.7253
3.9945 5.0185
1.9984 2.4059
3.0893 5.7966
1.2009 3.3009
2.6429 4.7300
3.8866 2.7286
3.5323 2.6927
1.6363 4.5817
4.5221 5.7938
1.1402 3.6497
2.6836 3.8046
2.4662 5.2633
1.7456 3.6103
1.1715 3.2235
3.7213 5.3559
1.6872 5.0132
4.0396 4.3894
2.1547 3.0602
3.5832 3.0019
2.0406 4.3295
1.4397 3.8932
2.1080 4.1538
2.3499 5.3101
4.4522 4.5237
2.4858 2.3375
2.6177 4.6132
3.2218 2.5961
2.4253 4.9327
4.0965 2.4855
3.8610 4.6555
2.8535 3.3766
1.1345 2.4414
2.5869 2.5087
1.8967 5.7716
3.2753 3.8246
4.2628 3.5477
2.1871 3.9291
3.3896 3.7942
1.5065 2.8733
1.4041 4.7978
2.4507 3.3210
1.6123 3.6387
1.4519 3.9697
1.1278 5.6832
2.7849 2.8911
3.8964 3.6741
